time NV31 NV44 XDUT_LP1_I XDUT_B1_I XDUT_L2_I XDUT_L3_I XDUT_B2_I XDUT_LP2_I
0.000000000000000e+000 0.000000000000000e+000 0.000000000000000e+000 0.000000000000000e+000 0.000000000000000e+000 0.000000000000000e+000 0.000000000000000e+000 0.000000000000000e+000 0.000000000000000e+000 
2.500000000000000e-013 2.963740025945380e-005 2.956774140963384e-005 1.696596418337666e-005 9.033568365801306e-006 -1.750676050884126e-005 1.750723949115874e-005 9.031760311270777e-006 1.696256846989787e-005 
5.000000000000000e-013 3.692004943164381e-005 3.674806808605036e-005 3.359135780333345e-005 2.955533192674024e-005 -3.501291137585978e-005 3.501508862414022e-005 2.954326299184091e-005 3.357843294862412e-005 
7.500000000000000e-013 6.234787189811987e-005 6.190311022947780e-005 4.956401207559779e-005 3.517991722410506e-005 -5.251702455946449e-005 5.252497544053552e-005 3.514507635049989e-005 4.952408804807990e-005 
1.000000000000000e-012 8.103094223463521e-005 8.014604012359882e-005 6.514735162595432e-005 3.850903337727076e-005 -7.001697876089831e-005 7.003902123910169e-005 3.843136165962938e-005 6.505250680647118e-005 
1.250000000000000e-012 8.827845437561215e-005 8.681364252333976e-005 8.084252197485472e-005 4.329518403491206e-005 -8.750993227722335e-005 8.756006772277664e-005 4.315338144048111e-005 8.065700596736463e-005 
1.500000000000000e-012 8.512743071186995e-005 8.305653938698786e-005 9.703798545636053e-005 5.267354354778765e-005 -1.049931599351134e-004 1.050908400648866e-004 5.245264583118414e-005 9.672657736873828e-005 
1.750000000000000e-012 7.674266235643082e-005 7.421322466214088e-005 1.137611567641854e-004 6.702515794701111e-005 -1.224653837235660e-004 1.226326162764339e-004 6.672407006680587e-005 1.133013329590541e-004 
2.000000000000000e-012 6.907459822892287e-005 6.640545050514606e-005 1.306741471276339e-004 8.432002645815604e-005 -1.399280806370411e-004 1.401839193629589e-004 8.395355220759919e-005 1.300666240799734e-004 
2.250000000000000e-012 6.602979925887621e-005 6.363112381297588e-005 1.472951295935563e-004 1.016255105119520e-004 -1.573860280233865e-004 1.577399719766135e-004 1.012181010872748e-004 1.465670780524091e-004 
2.500000000000000e-012 6.831868229922311e-005 6.655552131321267e-005 1.632842054745548e-004 1.167783470819604e-004 -1.748464493635088e-004 1.752935506364912e-004 1.163519725406458e-004 1.624823537959241e-004 
2.750000000000000e-012 7.407803477944815e-005 7.313088642493149e-005 1.786166751117383e-004 1.292976916609940e-004 -1.923167260458769e-004 1.928372739541231e-004 1.288604910162314e-004 1.777923223698522e-004 
3.000000000000000e-012 8.050355531027492e-005 8.029044452576935e-005 1.935580988714383e-004 1.402095690067607e-004 -2.098014940554360e-004 2.103665059445639e-004 1.397519216907918e-004 1.927501578951268e-004 
3.250000000000000e-012 8.544360647064153e-005 8.564525400256434e-005 2.084830220240573e-004 1.511179254013967e-004 -2.273004910394323e-004 2.278815089605676e-004 1.506183366728296e-004 2.077063766584742e-004 
3.500000000000000e-012 8.820865387012700e-005 8.838956471749387e-005 2.236622722975084e-004 1.631980096281169e-004 -2.448082986977407e-004 2.453877013022592e-004 1.626358574242867e-004 2.229063061973972e-004 
3.750000000000000e-012 8.944870650946068e-005 8.921938344791380e-005 2.391402284195755e-004 1.766636768163092e-004 -2.623162095137231e-004 2.628937904862770e-004 1.760325329781475e-004 2.383775932921488e-004 
4.000000000000000e-012 9.045003970877945e-005 8.959771641299378e-005 2.547506506819975e-004 1.908614104690272e-004 -2.798154022183634e-004 2.804085977816366e-004 1.901763485110907e-004 2.539516418386763e-004 
4.250000000000000e-012 9.237225325334667e-005 9.090795160105341e-005 2.702341278362158e-004 2.047754165338545e-004 -2.973000229893712e-004 2.979379770106288e-004 2.040704751365430e-004 2.693798468496084e-004 
4.500000000000000e-012 9.580915029109056e-005 9.392174326516344e-005 2.853738653727388e-004 2.175745877246651e-004 -3.147688690092472e-004 3.154831309907528e-004 2.168916184042189e-004 2.844627185142385e-004 
4.750000000000000e-012 1.007796469853906e-004 9.872795626365322e-005 3.000758087852907e-004 2.289082562109252e-004 -3.322250390144404e-004 3.330409609855596e-004 2.282831069588241e-004 2.991217882967886e-004 
5.000000000000000e-012 1.070151613180595e-004 1.050092710833993e-004 3.143650556306329e-004 2.388644653470006e-004 -3.496738284576532e-004 3.506061715423468e-004 2.383177217677271e-004 3.133902785595048e-004 
5.250000000000000e-012 8.467718025786007e-005 8.286512976777915e-005 3.113534920882622e-004 2.316045814620077e-004 -3.496131154618786e-004 3.506668845381214e-004 2.311386405774548e-004 3.103829457049362e-004 
5.500000000000000e-012 9.139355408925680e-005 8.978340523834922e-005 3.085670883270754e-004 2.283094868283960e-004 -3.495527459062445e-004 3.507272540937555e-004 2.279345951840177e-004 3.076241327074741e-004 
5.750000000000000e-012 5.035678921928627e-005 4.908323192700579e-005 3.062960500403662e-004 2.302951880639573e-004 -3.494944494193799e-004 3.507855505806201e-004 2.300175160168969e-004 3.054060487342739e-004 
6.000000000000000e-012 5.231186621839339e-005 5.147406557637615e-005 3.044891806960535e-004 2.364948715160834e-004 -3.494403392745133e-004 3.508396607254867e-004 2.363249299939018e-004 3.036836600985341e-004 
6.249999999999999e-012 1.773340106288579e-005 1.762703556006457e-005 3.028587544666053e-004 2.442969079558600e-004 -3.493940998393513e-004 3.508859001606487e-004 2.442489396753580e-004 3.021791812256815e-004 
6.499999999999999e-012 3.211241384001503e-005 3.291877491677554e-005 3.010709608974540e-004 2.510049750416563e-004 -3.493610794208177e-004 3.509189205791823e-004 2.510919145220588e-004 3.005672190540358e-004 
6.749999999999999e-012 1.063389406803227e-005 1.253495329717142e-005 2.989154080333618e-004 2.548930137435392e-004 -3.493471252606807e-004 3.509328747393193e-004 2.551178071030673e-004 2.986366965996106e-004 
6.999999999999999e-012 3.507162522048278e-005 3.791762842373137e-005 2.963823221781249e-004 2.555786129680508e-004 -3.493566580557673e-004 3.509233419442327e-004 2.559250041387359e-004 2.963621709660516e-004 
7.249999999999999e-012 1.899913126653794e-005 2.251719129094377e-005 2.936324029448919e-004 2.537740462060008e-004 -3.493907724148646e-004 3.508892275851353e-004 2.542015473269076e-004 2.938735482481575e-004 
7.500000000000000e-012 4.443787173231860e-005 4.807072336599238e-005 2.908950776884964e-004 2.506975823641267e-004 -3.494461136213673e-004 3.508338863786327e-004 2.511454726640741e-004 2.913617901443816e-004 
7.750000000000001e-012 2.637410992703524e-005 2.965527600691501e-005 2.883556862069582e-004 2.474750461936411e-004 -3.495149770541943e-004 3.507650229458056e-004 2.478774763160334e-004 2.889790710386320e-004 
8.000000000000002e-012 4.860691940849830e-005 5.107940214557403e-005 2.860838326863829e-004 2.447625949270923e-004 -3.495866755658123e-004 3.506933244341877e-004 2.450713316965090e-004 2.867800265226448e-004 
8.250000000000002e-012 2.763075490617761e-005 2.918126951773012e-005 2.840243193438553e-004 2.426618572538857e-004 -3.496498656109930e-004 3.506301343890070e-004 2.428676887987000e-004 2.847191903336836e-004 
8.500000000000003e-012 4.814889549473438e-005 4.879314260411199e-005 2.820391005128025e-004 2.408628887612030e-004 -3.496952529976538e-004 3.505847470023462e-004 2.410051489613410e-004 2.826895945635458e-004 
8.750000000000004e-012 2.691690060836996e-005 2.697402014990074e-005 2.799698739304017e-004 2.388845531700074e-004 -3.497179229631371e-004 3.505620770368629e-004 2.390425029898689e-004 2.805735235348937e-004 
9.000000000000005e-012 4.842126444608892e-005 4.817688016688729e-005 2.776906288590696e-004 2.362881895311672e-004 -3.497185366750497e-004 3.505614633249503e-004 2.365562222733515e-004 2.782801195698067e-004 
9.250000000000005e-012 2.897309827485441e-005 2.880410247459357e-005 2.751319758035224e-004 2.327920963582259e-004 -3.497029144193908e-004 3.505770855806092e-004 2.332484352850053e-004 2.757581192819289e-004 
9.500000000000006e-012 5.261887697917899e-005 5.268089872325728e-005 2.722750853389700e-004 2.282759264729404e-004 -3.496800677942642e-004 3.505999322057357e-004 2.289575243811228e-004 2.729859294393711e-004 
9.750000000000007e-012 3.538666357496313e-005 3.581465858833457e-005 2.691250584079670e-004 2.227082369860518e-004 -3.496593359060193e-004 3.506206640939807e-004 2.236016136324560e-004 2.699494561086884e-004 
1.000000000000001e-011 6.125565670241643e-005 6.194456324487113e-005 2.656780781172794e-004 2.160460727184076e-004 -3.496476261521303e-004 3.506323738478697e-004 2.170967039876572e-004 2.666191211807959e-004 
1.025000000000001e-011 4.638898385057078e-005 4.727208631671237e-005 2.618941926317134e-004 2.081462626132031e-004 -3.496476785395061e-004 3.506323214604938e-004 2.092815357911672e-004 2.629332767087638e-004 
1.050000000000001e-011 7.505565304761344e-005 7.592634190412161e-005 2.576809997056507e-004 1.987058648182405e-004 -3.496578163455613e-004 3.506221836544386e-004 1.998619406787338e-004 2.587891445161459e-004 
1.075000000000001e-011 6.381930530545203e-005 6.460952955403679e-005 2.528864766538408e-004 1.872264527416616e-004 -3.496730515370906e-004 3.506069484629093e-004 1.883692256413187e-004 2.540374877672872e-004 
1.100000000000001e-011 9.744676226604461e-005 9.801864482140737e-005 2.472944521569140e-004 1.729820883416740e-004 -3.496869525597503e-004 3.505930474402497e-004 1.741161673151013e-004 2.484749908549685e-004 
1.125000000000001e-011 9.312542973100177e-005 9.350780402984787e-005 2.406148438447282e-004 1.549669820389349e-004 -3.496935300989213e-004 3.505864699010787e-004 1.561319605341728e-004 2.418287134394867e-004 
1.150000000000001e-011 1.364328900669691e-004 1.365768610574365e-004 2.324626960903970e-004 1.318066557801607e-004 -3.496885816447900e-004 3.505914183552099e-004 1.330641865918573e-004 2.337292560822625e-004 
1.175000000000001e-011 1.455980640754477e-004 1.455949724983109e-004 2.223256542318854e-004 1.016414224782886e-004 -3.496703741619051e-004 3.506096258380948e-004 1.030577062748741e-004 2.236738491186237e-004 
1.200000000000001e-011 2.073439781320661e-004 2.071853083051829e-004 2.095330147853289e-004 6.205635193403075e-005 -3.496401215502821e-004 3.506398784497178e-004 6.368171869673384e-005 2.109921100308080e-004 
1.225000000000001e-011 2.404294470247985e-004 2.402543726220174e-004 1.932745655881181e-004 1.028876792911773e-005 -3.496033231858306e-004 3.506766768141694e-004 1.212996545466546e-005 1.948599952770494e-004 
1.250000000000002e-011 3.292347706128859e-004 3.291421237198775e-004 1.728005451399920e-004 -5.579049280438610e-005 -3.495732654896300e-004 3.507067345103700e-004 -5.381342982352356e-005 1.744894730327391e-004 
1.275000000000002e-011 3.823940974305627e-004 3.826899300880706e-004 1.480728496352503e-004 -1.356107679513315e-004 -3.495759684889930e-004 3.507040315110069e-004 -1.337100159530313e-004 1.497636646408261e-004 
1.300000000000002e-011 4.620429798746540e-004 4.629167739332300e-004 1.210550001173010e-004 -2.206691781211881e-004 -3.496461303925794e-004 3.506338696074206e-004 -2.193121720168294e-004 1.225382691782867e-004 
1.325000000000002e-011 4.538381716229870e-004 4.551109431743836e-004 9.692890870028116e-005 -2.880955212620759e-004 -3.497992078755314e-004 3.504807921244685e-004 -2.877853964704440e-004 9.793402818008183e-005 
1.350000000000002e-011 4.298710395348492e-004 4.304635843709641e-004 8.335461426111542e-005 -3.090465992649206e-004 -3.499949312611907e-004 3.502850687388093e-004 -3.099778016704181e-004 8.369342247249865e-005 
1.375000000000002e-011 3.375644225017676e-004 3.357943956328017e-004 8.696235372202590e-005 -2.661959291388529e-004 -3.501404130662581e-004 3.501395869337419e-004 -2.680175237215071e-004 8.664564208608627e-005 
1.400000000000002e-011 3.232650345584761e-004 3.169859262631112e-004 1.095812346957591e-004 -1.686992993203733e-004 -3.501463252090622e-004 3.501336747909377e-004 -1.707203175865422e-004 1.087378035408323e-004 
1.425000000000002e-011 3.545010925066141e-004 3.415368519435006e-004 1.475992885536015e-004 -5.020773644259719e-005 -3.499811863956325e-004 3.502988136043674e-004 -5.195835443365840e-005 1.462137033487384e-004 
1.450000000000002e-011 5.148305691145354e-004 4.933804558847890e-004 1.943444553527241e-004 4.988333021762869e-005 -3.496728707327141e-004 3.506071292672859e-004 4.821736685324074e-005 1.920412356874812e-004 
1.475000000000002e-011 6.443433935396043e-004 6.159076214418339e-004 2.419434815697723e-004 1.062750993571175e-004 -3.492739344298131e-004 3.510060655701868e-004 1.040030643503807e-004 2.381181392831634e-004 
1.500000000000002e-011 7.063070617977974e-004 6.757578570125785e-004 2.812403198705418e-004 1.159939503229828e-004 -3.488301282296041e-004 3.514498717703958e-004 1.125465828177385e-004 2.755036413295822e-004 
1.525000000000002e-011 5.564966172898467e-004 5.243151792420689e-004 3.038361911873101e-004 9.559603162829335e-005 -3.483487350919298e-004 3.519312649080702e-004 9.079559959159397e-005 2.961044200199854e-004 
1.550000000000002e-011 3.436336953398611e-004 2.987582839198905e-004 3.078101464629086e-004 7.281458426229525e-005 -3.477557043242364e-004 3.525242956757636e-004 6.632786382804630e-005 2.976344452746232e-004 
1.575000000000002e-011 1.067907159091191e-004 3.444241607850118e-005 3.003822076867032e-004 7.346828408041217e-005 -3.468839469625191e-004 3.533960530374808e-004 6.438352349505897e-005 2.863670539921249e-004 
1.600000000000002e-011 1.359109771714974e-005 -8.774860711363741e-005 2.932140554741349e-004 1.085649449494684e-004 -3.455466238801384e-004 3.547333761198615e-004 9.615016162923467e-005 2.736926938177414e-004 
1.625000000000002e-011 -7.472078416175729e-006 -1.172489306566794e-004 2.950062608059377e-004 1.701851261021449e-004 -3.436865817109217e-004 3.565934182890782e-004 1.552902310369716e-004 2.697302830094553e-004 
1.650000000000001e-011 8.630820595317422e-005 2.566361617313665e-006 3.071001932909293e-004 2.367255519121937e-004 -3.415232733773873e-004 3.587567266226127e-004 2.221288904078003e-004 2.783825302925620e-004 
1.675000000000001e-011 1.479567609821093e-004 1.220337874140888e-004 3.238124083185597e-004 2.837255962680577e-004 -3.395791166242928e-004 3.607008833757072e-004 2.727061099653494e-004 2.960173212135777e-004 
1.700000000000001e-011 2.113548136750193e-004 2.535584992527146e-004 3.366523852187529e-004 2.959756073904919e-004 -3.384865749480585e-004 3.617934250519415e-004 2.901063358323953e-004 3.142450093193128e-004 
1.725000000000001e-011 1.752816863959355e-004 2.677939548994994e-004 3.396263682995226e-004 2.749467895741389e-004 -3.386375995820986e-004 3.616424004179014e-004 2.729050229768219e-004 3.250346409940009e-004 
1.750000000000001e-011 1.354546535436621e-004 2.450828823241272e-004 3.320284367398194e-004 2.366107636216275e-004 -3.399332394478354e-004 3.603467605521646e-004 2.352058809842003e-004 3.248879310516024e-004 
1.775000000000001e-011 3.507546791550064e-005 1.320777135639188e-004 3.175687451336007e-004 2.014198523931091e-004 -3.418437807119000e-004 3.584362192881000e-004 1.979769335802560e-004 3.157004790409305e-004 
1.800000000000001e-011 -1.250385033685724e-005 5.485180896397048e-005 3.017222481557259e-004 1.841693466743505e-004 -3.437135632712708e-004 3.565664367287291e-004 1.780665524950272e-004 3.026472208849000e-004 
1.825000000000001e-011 -7.070874931186261e-005 -3.634443230536222e-005 2.893693203269560e-004 1.895697961766224e-004 -3.450602467501678e-004 3.552197532498322e-004 1.820591949325560e-004 2.912650576597505e-004 
1.850000000000001e-011 -5.028508997779998e-005 -4.178671165803907e-005 2.833405926988295e-004 2.132142978485015e-004 -3.457038871613124e-004 3.545761128386876e-004 2.063786483698588e-004 2.853406868449368e-004 
1.875000000000001e-011 -4.419593977151408e-005 -4.862210816662421e-005 2.837857744607388e-004 2.450179586652890e-004 -3.457435525646526e-004 3.545364474353474e-004 2.407424799386454e-004 2.858817201137760e-004 
1.900000000000001e-011 1.525866992014569e-005 1.040391796769011e-005 2.884480537032317e-004 2.733472163815593e-004 -3.454596435102215e-004 3.548203564897785e-004 2.725542239527218e-004 2.910995780522703e-004 
1.925000000000001e-011 2.877511333227384e-005 3.092264395843448e-005 2.938576249748876e-004 2.891052116992845e-004 -3.451837600363233e-004 3.550962399636767e-004 2.913554495840066e-004 2.974434818866257e-004 
1.950000000000000e-011 7.103448386040476e-005 8.093878657703365e-005 2.969406562869446e-004 2.887525781982189e-004 -3.451629036006875e-004 3.551170963993125e-004 2.924447003427587e-004 3.013631785251503e-004 
1.975000000000000e-011 5.593876798303313e-005 6.993184267330596e-005 2.962124346519257e-004 2.750121872830496e-004 -3.454654867352633e-004 3.548145132647367e-004 2.781548213255039e-004 3.009182104397599e-004 
2.000000000000000e-011 7.120101448733841e-005 8.466937481260897e-005 2.920403321156693e-004 2.548761769813947e-004 -3.459803808716831e-004 3.542996191283169e-004 2.563017211023511e-004 2.964028710462958e-004 
2.025000000000000e-011 3.920081333540587e-005 4.952062003495156e-005 2.860556615577432e-004 2.359406348566266e-004 -3.465073936829847e-004 3.537726063170152e-004 2.357151460128624e-004 2.897969096822140e-004 
2.050000000000000e-011 4.941758204699911e-005 5.620049180433158e-005 2.801768284238225e-004 2.235870061298453e-004 -3.468723996333529e-004 3.534076003666471e-004 2.228285033965368e-004 2.835269725253755e-004 
2.075000000000000e-011 2.104790754934063e-005 2.555351338056166e-005 2.757834302984553e-004 2.196361463134054e-004 -3.470019924358757e-004 3.532780075641242e-004 2.198498815357613e-004 2.793207354142014e-004 
2.100000000000000e-011 3.872363395140923e-005 4.236663222614978e-005 2.733338165344551e-004 2.225904736564312e-004 -3.469356130080290e-004 3.533443869919710e-004 2.248983297216250e-004 2.776459271182107e-004 
2.125000000000000e-011 1.768278414956727e-005 2.140962804574577e-005 2.724280831787481e-004 2.289377191324738e-004 -3.467867432298412e-004 3.534932567701588e-004 2.335717905256438e-004 2.777962880109374e-004 
2.150000000000000e-011 4.079551898551566e-005 4.468093520523651e-005 2.721682371204361e-004 2.347900878658993e-004 -3.466807761047765e-004 3.535992238952235e-004 2.410605961612050e-004 2.784360767101278e-004 
2.175000000000000e-011 2.334136033974362e-005 2.712398209634176e-005 2.716005728892360e-004 2.372173747732267e-004 -3.466983221430925e-004 3.535816778569074e-004 2.439226082309443e-004 2.782774806991836e-004 
2.200000000000000e-011 4.895174963879956e-005 5.221123952073946e-005 2.700541981444524e-004 2.349042647728421e-004 -3.468464175833096e-004 3.534335824166904e-004 2.409390417769242e-004 2.765788561709405e-004 
2.224999999999999e-011 3.359278914487316e-005 3.624550366469665e-005 2.672802188484069e-004 2.280818027784895e-004 -3.470665788706914e-004 3.532134211293085e-004 2.329287277046897e-004 2.732937445004776e-004 
2.249999999999999e-011 6.126935061977461e-005 6.336218422805182e-005 2.633961529934541e-004 2.179440746347927e-004 -3.472707675759053e-004 3.530092324240947e-004 2.218330936121625e-004 2.688895205826757e-004 
2.274999999999999e-011 4.810765354518667e-005 4.989341157893909e-005 2.587086485611316e-004 2.058841150301225e-004 -3.473837012012022e-004 3.528962987987978e-004 2.096027141481179e-004 2.639926936267923e-004 
2.299999999999999e-011 7.825674087629069e-005 7.975824354122245e-005 2.535094770461138e-004 1.928499376448434e-004 -3.473704511159130e-004 3.529095488840870e-004 1.973543632615485e-004 2.590519762465992e-004 
2.324999999999999e-011 6.815474874915419e-005 6.929310201561205e-005 2.479209374700055e-004 1.789864677463134e-004 -3.472398801011571e-004 3.530401198988429e-004 1.850258043531441e-004 2.541507117252264e-004 
2.349999999999999e-011 1.025458547990310e-004 1.029542817362333e-004 2.418248407209127e-004 1.635728152675985e-004 -3.470280882667280e-004 3.532519117332720e-004 1.714885397587875e-004 2.489984560765788e-004 
2.374999999999999e-011 9.876134685660596e-005 9.816235068692229e-005 2.348659809051858e-004 1.451503750523607e-004 -3.467740440998041e-004 3.535059559001959e-004 1.549009435089531e-004 2.430438623515172e-004 
2.399999999999999e-011 1.426680177546741e-004 1.407817216447722e-004 2.264945492143615e-004 1.216987221379474e-004 -3.465001570716594e-004 3.537798429283406e-004 1.330454079579489e-004 2.356126480057975e-004 
2.424999999999999e-011 1.528300031019684e-004 1.496866885638194e-004 2.160111590239217e-004 9.076102305010498e-005 -3.462062937458948e-004 3.540737062541052e-004 1.034841286506243e-004 2.259903604529128e-004 
2.449999999999999e-011 2.161855028959819e-004 2.119374828398887e-004 2.026054005775191e-004 4.955253369977818e-005 -3.458809036830559e-004 3.543990963169441e-004 6.355479701294048e-005 2.134242038457257e-004 
2.474999999999999e-011 2.513061078397410e-004 2.465892875265897e-004 1.854408350507109e-004 -4.675177342508080e-006 -3.455312314773485e-004 3.547487685226515e-004 1.050010732253736e-005 1.970980246186694e-004 
2.499999999999999e-011 3.414804194631881e-004 3.375272979672281e-004 1.639499145298938e-004 -7.344347035230084e-005 -3.452346203365325e-004 3.550453796634675e-004 -5.764258269435447e-005 1.762516772980467e-004 
2.524999999999998e-011 3.929127519453406e-004 3.921516913734334e-004 1.386137137200210e-004 -1.545028831621466e-004 -3.451949162771063e-004 3.550850837228937e-004 -1.397115099146122e-004 1.507796563466371e-004 
2.549999999999998e-011 4.650987415209557e-004 4.699953858051451e-004 1.122618554663539e-004 -2.374020946561338e-004 -3.457093046877801e-004 3.545706953122199e-004 -2.271890868843560e-004 1.226287184322924e-004 
2.574999999999998e-011 4.451727423342208e-004 4.554080196473032e-004 9.080171297055110e-005 -2.960106442375923e-004 -3.469230280207946e-004 3.533569719792054e-004 -2.944847988426684e-004 9.725942770426118e-005 
2.599999999999998e-011 4.128949959213692e-004 4.230074880908710e-004 8.160248027772388e-005 -3.035459417558651e-004 -3.485204843510978e-004 3.517595156489022e-004 -3.119900124041757e-004 8.294210528288263e-005 
2.624999999999998e-011 3.227730097209340e-004 3.249637559115223e-004 8.972976494605619e-005 -2.478452695857635e-004 -3.497696147795800e-004 3.505103852204200e-004 -2.633253003069667e-004 8.684182063479194e-005 
2.649999999999998e-011 3.204256121271295e-004 3.102637079210186e-004 1.151867924160804e-004 -1.456750262085701e-004 -3.500480941948864e-004 3.502319058051135e-004 -1.598454742053976e-004 1.106867330676203e-004 
2.674999999999998e-011 3.643276170075746e-004 3.442871864386769e-004 1.535400359268378e-004 -3.109148576952629e-005 -3.493420846071289e-004 3.509379153928711e-004 -3.895641496365374e-005 1.499763690059698e-004 
2.699999999999998e-011 5.250194734739103e-004 5.043221723909231e-004 1.984140767829899e-004 5.905512836845431e-005 -3.482214164603877e-004 3.520585835396123e-004 5.852620099167676e-005 1.967869742208440e-004 
2.724999999999998e-011 6.340654565546021e-004 6.269226038445533e-004 2.426026676083014e-004 1.048361639800256e-004 -3.474374141804545e-004 3.528425858195455e-004 1.082973247616379e-004 2.423715645538234e-004 
2.749999999999998e-011 6.615286877289671e-004 6.772922658070816e-004 2.775799109442974e-004 1.077732315861560e-004 -3.474773440244145e-004 3.528026559755855e-004 1.104880141399781e-004 2.777278838494836e-004 
2.774999999999998e-011 4.811228137606067e-004 5.133372213397235e-004 2.956287638202050e-004 8.617212718477043e-005 -3.482987418828305e-004 3.519812581171694e-004 8.502389460871898e-005 2.954897693953039e-004 
2.799999999999997e-011 2.500240672476702e-004 2.801985968222796e-004 2.952173357505758e-004 6.623290805732126e-005 -3.494122949161776e-004 3.508677050838223e-004 6.092455890198315e-005 2.945234377643942e-004 
2.824999999999997e-011 4.035805817997039e-006 1.588501480521548e-005 2.832307269955899e-004 7.007221508024882e-005 -3.502387640851928e-004 3.500412359148072e-004 6.248667635054881e-005 2.818574359934618e-004 
2.849999999999997e-011 -8.788674897414436e-005 -1.007622491403480e-004 2.710156215505504e-004 1.058003595912524e-004 -3.504295759740382e-004 3.498504240259618e-004 9.840753401688709e-005 2.688149397943545e-004 
2.874999999999997e-011 -9.012808903631256e-005 -1.227154762860535e-004 2.680535315266089e-004 1.653116859901610e-004 -3.499602016193445e-004 3.503197983806555e-004 1.599063665741627e-004 2.648889167256910e-004 
2.899999999999997e-011 4.176872295234243e-005 3.530947006251222e-006 2.773586347272302e-004 2.287533764097711e-004 -3.490689131777349e-004 3.512110868222651e-004 2.260288755407540e-004 2.733326009930111e-004 
2.924999999999997e-011 1.529121921489038e-004 1.263071025791997e-004 2.946396418619772e-004 2.735197907691384e-004 -3.481381206913610e-004 3.521418793086390e-004 2.732018144348180e-004 2.902840989785164e-004 
2.949999999999997e-011 2.604404998602826e-004 2.574677859244807e-004 3.114707312984756e-004 2.851233715861366e-004 -3.475386793698127e-004 3.527413206301873e-004 2.863204563926122e-004 3.076643409821141e-004 
2.974999999999997e-011 2.466457021994580e-004 2.687000131967002e-004 3.203796740468167e-004 2.645151376808369e-004 -3.474779761830485e-004 3.528020238169515e-004 2.661468711217687e-004 3.180086962938519e-004 
2.999999999999997e-011 2.040143643364181e-004 2.423015685661134e-004 3.186095460144745e-004 2.268799951335232e-004 -3.479335500674888e-004 3.523464499325111e-004 2.280698108574978e-004 3.181876174254319e-004 
