0 0 0
2.5E-0013 2.46894E-0018 1.97516E-0005
5E-0013 8.03224E-0018 2.47548E-0005
7.5E-0013 1.64157E-0017 4.23128E-0005
1E-0012 2.87252E-0017 5.61633E-0005
1.25E-0012 4.3628E-0017 6.30591E-0005
1.5E-0012 5.93821E-0017 6.29738E-0005
1.75E-0012 7.45517E-0017 5.83824E-0005
2E-0012 8.8429E-0017 5.2636E-0005
2.25E-0012 1.01069E-0016 4.84807E-0005
2.5E-0012 1.13032E-0016 4.72308E-0005
2.75E-0012 1.25026E-0016 4.87155E-0005
3E-0012 1.37589E-0016 5.17933E-0005
3.25E-0012 1.50948E-0016 5.50776E-0005
3.5E-0012 1.65025E-0016 5.7539E-0005
3.75E-0012 1.79567E-0016 5.8793E-0005
4E-0012 1.94298E-0016 5.90547E-0005
4.25E-0012 2.09039E-0016 5.88776E-0005
4.5E-0012 2.23754E-0016 5.88439E-0005
4.75E-0012 2.38528E-0016 5.93415E-0005
5E-0012 2.53506E-0016 6.04861E-0005
5.25E-0012 2.6637E-0016 4.24225E-0005
5.5E-0012 2.77143E-0016 4.37672E-0005
5.75E-0012 2.8436E-0016 1.39695E-0005
6E-0012 2.87836E-0016 1.3835E-0005
6.25E-0012 2.88385E-0016 -9.44327E-0006
6.5E-0012 2.8731E-0016 8.42262E-0007
6.75E-0012 2.85885E-0016 -1.22412E-0005
7E-0012 2.85001E-0016 5.16778E-0006
7.25E-0012 2.85028E-0016 -4.95232E-0006
7.5E-0012 2.85877E-0016 1.17473E-0005
7.75E-0012 2.87184E-0016 -1.29357E-0006
8E-0012 2.88519E-0016 1.19722E-0005
8.25E-0012 2.89554E-0016 -3.68678E-0006
8.5E-0012 2.90146E-0016 8.42137E-0006
8.75E-0012 2.90327E-0016 -6.97587E-0006
9E-0012 2.90243E-0016 6.30805E-0006
9.25E-0012 2.90074E-0016 -7.66062E-0006
9.5E-0012 2.89961E-0016 6.75618E-0006
9.75E-0012 2.89973E-0016 -6.65821E-0006
1E-0011 2.90108E-0016 7.73506E-0006
1.025E-0011 2.90315E-0016 -6.08117E-0006
1.05E-0011 2.9053E-0016 7.80034E-0006
1.075E-0011 2.90703E-0016 -6.4161E-0006
1.1E-0011 2.90812E-0016 7.28713E-0006
1.125E-0011 2.90861E-0016 -6.89097E-0006
1.15E-0011 2.90873E-0016 6.98501E-0006
1.175E-0011 2.90872E-0016 -6.99032E-0006
1.2E-0011 2.90878E-0016 7.03746E-0006
1.225E-0011 2.90899E-0016 -6.87247E-0006
1.25E-0011 2.90933E-0016 7.14239E-0006
1.275E-0011 2.90972E-0016 -6.82485E-0006
1.3E-0011 2.9101E-0016 7.12653E-0006
1.325E-0011 2.9104E-0016 -6.88367E-0006
1.35E-0011 2.91062E-0016 7.05447E-0006
1.375E-0011 2.91075E-0016 -6.94462E-0006
1.4E-0011 2.91084E-0016 7.01647E-0006
1.425E-0011 2.91091E-0016 -6.96005E-0006
1.45E-0011 2.91098E-0016 7.01593E-0006
1.475E-0011 2.91106E-0016 -6.95501E-0006
1.5E-0011 2.91114E-0016 7.01962E-0006
1.525E-0011 2.91122E-0016 -6.95579E-0006
1.55E-0011 2.91129E-0016 7.01438E-0006
1.575E-0011 2.91136E-0016 -6.96381E-0006
1.6E-0011 2.91141E-0016 7.00554E-0006
1.625E-0011 2.91145E-0016 -6.97203E-0006
1.65E-0011 2.91148E-0016 6.99872E-0006
1.675E-0011 2.91151E-0016 -6.97714E-0006
1.7E-0011 2.91153E-0016 6.99531E-0006
1.725E-0011 2.91155E-0016 -6.97912E-0006
1.75E-0011 2.88688E-0016 6.99431E-0006
1.775E-0011 2.83127E-0016 -6.97968E-0006
1.8E-0011 2.74745E-0016 6.99366E-0006
1.825E-0011 2.62437E-0016 -6.98078E-0006
1.85E-0011 2.47536E-0016 6.99204E-0006
1.875E-0011 2.31783E-0016 -6.98271E-0006
1.9E-0011 2.16614E-0016 6.99014E-0006
1.925E-0011 2.02738E-0016 -6.98426E-0006
1.95E-0011 1.90099E-0016 6.98912E-0006
1.975E-0011 1.78135E-0016 -6.98478E-0006
2E-0011 1.66143E-0016 6.98891E-0006
2.025E-0011 1.5358E-0016 -6.98477E-0006
2.05E-0011 1.40221E-0016 6.9895E-0006
2.075E-0011 1.26145E-0016 -6.98195E-0006
2.1E-0011 1.11606E-0016 6.99864E-0006
2.125E-0011 9.68798E-0017 -6.95844E-0006
2.15E-0011 8.21497E-0017 7.04998E-0006
2.175E-0011 6.74582E-0017 -6.86044E-0006
2.2E-0011 5.27296E-0017 7.21676E-0006
2.225E-0011 3.78277E-0017 -6.60487E-0006
2.25E-0011 2.50848E-0017 7.57095E-0006
2.275E-0011 1.44874E-0017 -6.16074E-0006
2.3E-0011 7.50931E-0018 8.07276E-0006
2.325E-0011 4.33601E-0018 -5.65467E-0006
2.35E-0011 4.14532E-0018 8.52086E-0006
2.375E-0011 5.62129E-0018 -5.31411E-0006
2.4E-0011 7.4747E-0018 8.74242E-0006
2.425E-0011 8.80622E-0018 -5.16365E-0006
2.45E-0011 9.25096E-0018 8.93708E-0006
2.475E-0011 8.92465E-0018 -4.75262E-0006
2.5E-0011 8.24462E-0018 9.76615E-0006
2.525E-0011 7.71701E-0018 -3.30845E-0006
2.55E-0011 7.76675E-0018 1.19917E-0005
2.575E-0011 8.65197E-0018 -1.75356E-0007
2.6E-0011 1.04649E-0017 1.61242E-0005
2.625E-0011 1.3193E-0017 5.03325E-0006
2.65E-0011 1.68047E-0017 2.25074E-0005
2.675E-0011 2.13281E-0017 1.27757E-0005
2.7E-0011 2.69092E-0017 3.19706E-0005
2.725E-0011 3.3839E-0017 2.45446E-0005
2.75E-0011 4.25409E-0017 4.67243E-0005
2.775E-0011 5.35141E-0017 4.27805E-0005
2.8E-0011 6.72645E-0017 6.86074E-0005
2.825E-0011 8.42748E-0017 6.8346E-0005
2.85E-0011 1.05061E-0016 9.83405E-0005
2.875E-0011 1.3032E-0016 0.000103821
2.9E-0011 1.61051E-0016 0.000142027
2.925E-0011 1.98462E-0016 0.000157307
2.95E-0011 2.43603E-0016 0.000203989
2.975E-0011 2.97123E-0016 0.000224437
3E-0011 3.59561E-0016 0.000275387
3.025E-0011 4.32156E-0016 0.000305675
3.05E-0011 5.17611E-0016 0.000378202
3.075E-0011 6.19816E-0016 0.000439616
3.1E-0011 7.41086E-0016 0.00053065
3.125E-0011 8.76743E-0016 0.000554676
3.15E-0011 1.01207E-0015 0.00052802
3.175E-0011 1.12895E-0015 0.000407017
3.2E-0011 1.2195E-0015 0.000317452
3.225E-0011 1.29406E-0015 0.000279118
3.25E-0011 1.37595E-0015 0.000376099
3.275E-0011 1.48613E-0015 0.00050534
3.3E-0011 1.62558E-0015 0.000610341
3.325E-0011 1.76893E-0015 0.00053652
3.35E-0011 1.87938E-0015 0.00034706
3.375E-0011 1.93376E-0015 8.80311E-0005
3.4E-0011 1.93535E-0015 -7.52901E-0005
3.425E-0011 1.90819E-0015 -0.000141964
3.45E-0011 1.88243E-0015 -6.40733E-0005
3.475E-0011 1.88035E-0015 4.74052E-0005
3.5E-0011 1.9085E-0015 0.000177865
3.525E-0011 1.95797E-0015 0.000217841
3.55E-0011 2.01113E-0015 0.00020751
3.575E-0011 2.05109E-0015 0.000112178
3.6E-0011 2.0686E-0015 2.78909E-0005
3.625E-0011 2.06431E-0015 -6.2231E-0005
3.65E-0011 2.04671E-0015 -7.85782E-0005
3.675E-0011 2.02748E-0015 -7.5208E-0005
3.7E-0011 2.01634E-0015 -1.38787E-0005
3.725E-0011 2.01743E-0015 2.25557E-0005
3.75E-0011 2.02866E-0015 6.73218E-0005
3.775E-0011 2.04408E-0015 5.6031E-0005
3.8E-0011 2.05739E-0015 5.0475E-0005
3.825E-0011 2.06474E-0015 8.32249E-0006
3.85E-0011 2.06564E-0015 -1.07498E-0006
3.875E-0011 2.06227E-0015 -2.58143E-0005
3.9E-0011 2.05783E-0015 -9.5462E-0006
3.925E-0011 2.05494E-0015 -1.32175E-0005
3.95E-0011 2.05473E-0015 1.21788E-0005
3.975E-0011 2.05681E-0015 5.46435E-0006
4E-0011 2.0599E-0015 2.06279E-0005
4.025E-0011 2.06262E-0015 3.04066E-0006
4.05E-0011 2.06414E-0015 1.15175E-0005
4.075E-0011 2.06434E-0015 -7.03677E-0006
4.1E-0011 2.06366E-0015 4.78299E-0006
4.125E-0011 2.06271E-0015 -8.93555E-0006
4.15E-0011 2.06198E-0015 6.66446E-0006
4.175E-0011 2.06164E-0015 -5.57997E-0006
4.2E-0011 2.06159E-0015 9.36338E-0006
4.225E-0011 2.06156E-0015 -4.61219E-0006
4.25E-0011 2.06126E-0015 8.69795E-0006
4.275E-0011 2.0605E-0015 -6.09504E-0006
4.3E-0011 2.05918E-0015 7.30107E-0006
4.325E-0011 2.05724E-0015 -6.8695E-0006
4.35E-0011 2.05463E-0015 7.19503E-0006
4.375E-0011 2.05126E-0015 -6.59671E-0006
4.4E-0011 2.04696E-0015 7.48589E-0006
4.425E-0011 2.04149E-0015 -6.51207E-0006
4.45E-0011 2.03453E-0015 7.34329E-0006
4.475E-0011 2.0257E-0015 -6.7609E-0006
4.5E-0011 2.01456E-0015 7.13537E-0006
4.525E-0011 2.00067E-0015 -6.84691E-0006
4.55E-0011 1.98359E-0015 7.15924E-0006
4.575E-0011 1.9628E-0015 -6.78506E-0006
4.6E-0011 1.93758E-0015 7.18475E-0006
4.625E-0011 1.90689E-0015 -6.82926E-0006
4.65E-0011 1.86951E-0015 7.08764E-0006
4.675E-0011 1.82436E-0015 -6.93337E-0006
4.7E-0011 1.77082E-0015 7.01936E-0006
4.725E-0011 1.70835E-0015 -6.94905E-0006
4.75E-0011 1.63573E-0015 7.04337E-0006
4.775E-0011 1.55026E-0015 -6.91484E-0006
4.8E-0011 1.44805E-0015 7.06065E-0006
4.825E-0011 1.32679E-0015 -6.92594E-0006
4.85E-0011 1.19114E-0015 7.02753E-0006
4.875E-0011 1.05581E-0015 -6.96449E-0006
4.9E-0011 9.38931E-0016 6.9994E-0006
4.925E-0011 8.48375E-0016 -6.97497E-0006
4.95E-0011 7.73807E-0016 7.00361E-0006
4.975E-0011 6.9191E-0016 -6.96515E-0006
5E-0011 5.81736E-0016 7.00996E-0006
5.025E-0011 4.42281E-0016 -6.9668E-0006
5.05E-0011 2.98928E-0016 7.00138E-0006
5.075E-0011 1.88483E-0016 -6.97775E-0006
5.1E-0011 1.34099E-0016 6.99279E-0006
5.125E-0011 1.32508E-0016 -6.9816E-0006
5.15E-0011 1.59666E-0016 6.99308E-0006
5.175E-0011 1.85422E-0016 -6.97964E-0006
5.2E-0011 1.87507E-0016 6.99419E-0006
5.225E-0011 1.5935E-0016 -6.98063E-0006
5.25E-0011 1.09888E-0016 6.99143E-0006
5.275E-0011 5.67204E-0017 -6.98384E-0006
5.3E-0011 1.67601E-0017 6.98908E-0006
5.325E-0011 -7.4791E-0019 -6.98477E-0006
5.35E-0011 3.54516E-0018 6.98928E-0006
5.375E-0011 2.11469E-0017 -6.98423E-0006
5.4E-0011 4.03708E-0017 6.98942E-0006
5.425E-0011 5.15073E-0017 -6.98479E-0006
5.45E-0011 5.04231E-0017 6.98835E-0006
5.475E-0011 3.91887E-0017 -6.98591E-0006
5.5E-0011 2.37698E-0017 6.9876E-0006
5.525E-0011 1.04567E-0017 -6.98614E-0006
5.55E-0011 3.10724E-0018 6.98773E-0006
5.575E-0011 2.20152E-0018 -6.98593E-0006
5.6E-0011 5.56291E-0018 6.98777E-0006
5.625E-0011 9.98318E-0018 -6.98615E-0006
5.65E-0011 1.28288E-0017 6.98738E-0006
5.675E-0011 1.29587E-0017 -6.98654E-0006
5.7E-0011 1.07534E-0017 6.98712E-0006
5.725E-0011 7.49195E-0018 -6.98662E-0006
5.75E-0011 4.53345E-0018 6.98717E-0006
5.775E-0011 2.71376E-0018 -6.98655E-0006
5.8E-0011 2.15375E-0018 6.98718E-0006
5.825E-0011 2.43555E-0018 -6.98662E-0006
5.85E-0011 2.95467E-0018 6.98705E-0006
5.875E-0011 3.23859E-0018 -6.98676E-0006
5.9E-0011 3.10306E-0018 6.98696E-0006
5.925E-0011 2.63016E-0018 -6.98678E-0006
5.95E-0011 2.03628E-0018 6.98698E-0006
5.975E-0011 1.52559E-0018 -6.98677E-0006
6E-0011 1.20025E-0018 6.98698E-0006
6.025E-0011 1.04952E-0018 -6.98679E-0006
6.05E-0011 9.95591E-0019 6.98693E-0006
6.075E-0011 9.54913E-0019 -6.98683E-0006
6.1E-0011 8.80134E-0019 6.98691E-0006
6.125E-0011 7.68995E-0019 -6.98684E-0006
6.15E-0011 6.47277E-0019 6.98691E-0006
6.175E-0011 5.43384E-0019 -6.98684E-0006
6.2E-0011 4.70594E-0019 6.98691E-0006
6.225E-0011 4.23794E-0019 -6.98685E-0006
6.25E-0011 3.87743E-0019 6.98689E-0006
6.275E-0011 3.48707E-0019 -6.98686E-0006
6.3E-0011 3.01938E-0019 6.98689E-0006
6.325E-0011 2.5198E-0019 -6.98686E-0006
6.35E-0011 2.07547E-0019 6.98689E-0006
6.375E-0011 1.75253E-0019 -6.98686E-0006
6.4E-0011 1.55972E-0019 6.98689E-0006
6.425E-0011 1.45226E-0019 -6.98687E-0006
6.45E-0011 1.36439E-0019 6.98688E-0006
6.475E-0011 1.24651E-0019 -6.98687E-0006
6.5E-0011 1.08587E-0019 6.98688E-0006
6.525E-0011 9.03632E-0020 -6.98687E-0006
6.55E-0011 7.35259E-0020 6.98688E-0006
6.575E-0011 6.08283E-0020 -6.98687E-0006
6.6E-0011 5.29494E-0020 6.98688E-0006
6.625E-0011 4.85861E-0020 -6.98687E-0006
6.65E-0011 4.55328E-0020 6.98688E-0006
6.675E-0011 4.19528E-0020 -6.98687E-0006
6.7E-0011 3.71452E-0020 6.98688E-0006
6.725E-0011 3.15441E-0020 -6.98687E-0006
6.75E-0011 2.61497E-0020 6.98688E-0006
6.775E-0011 2.18286E-0020 -6.98687E-0006
6.8E-0011 1.88764E-0020 6.98688E-0006
6.825E-0011 1.69977E-0020 -6.98687E-0006
6.85E-0011 1.55999E-0020 6.98688E-0006
6.875E-0011 1.41658E-0020 -6.98687E-0006
6.9E-0011 1.24855E-0020 6.98687E-0006
6.925E-0011 1.0666E-0020 -6.98687E-0006
6.95E-0011 8.97072E-0021 6.98687E-0006
6.975E-0011 7.62013E-0021 -6.98687E-0006
7E-0011 6.67065E-0021 6.98687E-0006
7.025E-0011 6.01569E-0021 -6.98687E-0006
7.05E-0011 5.47691E-0021 6.98687E-0006
7.075E-0011 4.91282E-0021 -6.98687E-0006
7.1E-0011 4.2811E-0021 6.98687E-0006
7.125E-0011 3.63205E-0021 -6.98687E-0006
7.15E-0011 3.05347E-0021 6.98687E-0006
7.175E-0011 2.60875E-0021 -6.98687E-0006
7.2E-0011 2.30347E-0021 6.98687E-0006
7.225E-0011 2.09181E-0021 -6.98687E-0006
7.25E-0011 1.90987E-0021 6.98687E-0006
7.275E-0011 1.71154E-0021 -6.98687E-0006
7.3E-0011 1.4868E-0021 6.98687E-0006
7.325E-0011 1.25676E-0021 -6.98687E-0006
7.35E-0011 1.05343E-0021 6.98687E-0006
7.375E-0011 8.98566E-0022 -6.98687E-0006
7.4E-0011 7.93143E-0022 6.98687E-0006
7.425E-0011 7.20505E-0022 -6.98687E-0006
7.45E-0011 6.58259E-0022 6.98687E-0006
7.475E-0011 5.90511E-0022 -6.98687E-0006
7.5E-0011 5.13855E-0022 6.98687E-0006
7.525E-0011 4.35412E-0022 -6.98687E-0006
7.55E-0011 3.65876E-0022 6.98687E-0006
7.575E-0011 3.12442E-0022 -6.98687E-0006
7.6E-0011 2.75397E-0022 6.98687E-0006
7.625E-0011 2.4926E-0022 -6.98687E-0006
7.65E-0011 2.26763E-0022 6.98687E-0006
7.675E-0011 2.02831E-0022 -6.98687E-0006
7.7E-0011 1.76449E-0022 6.98687E-0006
7.725E-0011 1.49931E-0022 -6.98687E-0006
7.75E-0011 1.26627E-0022 6.98687E-0006
7.775E-0011 1.08671E-0022 -6.98687E-0006
7.8E-0011 9.5973E-0023 6.98687E-0006
7.825E-0011 8.6674E-0023 -6.98687E-0006
7.85E-0011 7.84626E-0023 6.98687E-0006
7.875E-0011 6.98237E-0023 -6.98687E-0006
7.9E-0011 6.05612E-0023 6.98687E-0006
7.925E-0011 5.14897E-0023 -6.98687E-0006
7.95E-0011 4.36647E-0023 6.98687E-0006
7.975E-0011 3.76806E-0023 -6.98687E-0006
8E-0011 3.34002E-0023 6.98687E-0006
8.025E-0011 3.01559E-0023 -6.98687E-0006
8.05E-0011 2.71981E-0023 6.98687E-0006
8.075E-0011 2.40846E-0023 -6.98687E-0006
8.1E-0011 2.08137E-0023 6.98687E-0006
8.125E-0011 1.76878E-0023 -6.98687E-0006
8.15E-0011 1.50476E-0023 6.98687E-0006
8.175E-0011 1.30523E-0023 -6.98687E-0006
8.2E-0011 1.16148E-0023 6.98687E-0006
8.225E-0011 1.04897E-0023 -6.98687E-0006
8.25E-0011 9.43024E-0024 6.98687E-0006
8.275E-0011 8.31012E-0024 -6.98687E-0006
8.3E-0011 7.15285E-0024 6.98687E-0006
8.325E-0011 6.07284E-0024 -6.98687E-0006
8.35E-0011 5.18168E-0024 6.98687E-0006
8.375E-0011 4.51895E-0024 -6.98687E-0006
8.4E-0011 4.03969E-0024 6.98687E-0006
8.425E-0011 3.6523E-0024 -6.98687E-0006
8.45E-0011 3.27423E-0024 6.98687E-0006
8.475E-0011 2.87069E-0024 -6.98687E-0006
8.5E-0011 2.45886E-0024 6.98687E-0006
8.525E-0011 2.08303E-0024 -6.98687E-0006
8.55E-0011 1.78085E-0024 6.98687E-0006
8.575E-0011 1.56119E-0024 -6.98687E-0006
8.6E-0011 1.40312E-0024 6.98687E-0006
8.625E-0011 1.27177E-0024 -6.98687E-0006
8.65E-0011 1.13862E-0024 6.98687E-0006
8.675E-0011 9.94083E-0025 -6.98687E-0006
8.7E-0011 8.47144E-0025 6.98687E-0006
8.725E-0011 7.15162E-0025 -6.98687E-0006
8.75E-0011 6.11465E-0025 6.98687E-0006
8.775E-0011 5.38003E-0025 -6.98687E-0006
8.8E-0011 4.85914E-0025 6.98687E-0006
8.825E-0011 4.41927E-0025 -6.98687E-0006
8.85E-0011 3.95844E-0025 6.98687E-0006
8.875E-0011 3.44803E-0025 -6.98687E-0006
8.9E-0011 2.92715E-0025 6.98687E-0006
8.925E-0011 2.46246E-0025 -6.98687E-0006
8.95E-0011 2.10257E-0025 6.98687E-0006
8.975E-0011 1.85267E-0025 -6.98687E-0006
9E-0011 1.67853E-0025 6.98687E-0006
9.025E-0011 1.53093E-0025 -6.98687E-0006
9.05E-0011 1.37309E-0025 6.98687E-0006
9.075E-0011 1.1955E-0025 -6.98687E-0006
9.1E-0011 1.01312E-0025 6.98687E-0006
9.125E-0011 8.50468E-0026 -6.98687E-0006
9.15E-0011 7.25126E-0026 6.98687E-0006
9.175E-0011 6.38872E-0026 -6.98687E-0006
9.2E-0011 5.79369E-0026 6.98687E-0006
9.225E-0011 5.29075E-0026 -6.98687E-0006
9.25E-0011 4.74968E-0026 6.98687E-0006
9.275E-0011 4.13722E-0026 -6.98687E-0006
9.3E-0011 3.50629E-0026 6.98687E-0006
9.325E-0011 2.94279E-0026 -6.98687E-0006
9.35E-0011 2.5081E-0026 6.98687E-0006
9.375E-0011 2.20845E-0026 -6.98687E-0006
9.4E-0011 2.00131E-0026 6.98687E-0006
9.425E-0011 1.82642E-0026 -6.98687E-0006
9.45E-0011 1.63926E-0026 6.98687E-0006
9.475E-0011 1.4285E-0026 -6.98687E-0006
9.5E-0011 1.21207E-0026 6.98687E-0006
9.525E-0011 1.01888E-0026 -6.98687E-0006
9.55E-0011 8.69348E-0027 6.98687E-0006
9.575E-0011 7.6531E-0027 -6.98687E-0006
9.6E-0011 6.92372E-0027 6.98687E-0006
9.625E-0011 6.30456E-0027 -6.98687E-0006
9.65E-0011 5.64921E-0027 6.98687E-0006
9.675E-0011 4.92208E-0027 -6.98687E-0006
9.7E-0011 4.18322E-0027 6.98687E-0006
9.725E-0011 3.5268E-0027 -6.98687E-0006
9.75E-0011 3.01737E-0027 6.98687E-0006
9.775E-0011 2.65808E-0027 -6.98687E-0006
9.8E-0011 2.40006E-0027 6.98687E-0006
9.825E-0011 2.17791E-0027 -6.98687E-0006
9.85E-0011 1.94551E-0027 6.98687E-0006
9.875E-0011 1.6931E-0027 -6.98687E-0006
9.9E-0011 1.44113E-0027 6.98687E-0006
9.925E-0011 1.21961E-0027 -6.98687E-0006
9.95E-0011 1.04777E-0027 6.98687E-0006
9.975E-0011 9.24759E-0028 -6.98687E-0006
